1 (sleep) S 0 1 1 0 -1 4194560 854 0 0 0 1 0 0 0 20 0 1 0 18428 4091904 382 18446744073709551615 187650294087680 187650295172328 281474467829328 0 0 0 0 0 0 1 0 0 17 7 0 0 0 0 0 187650295254240 187650295271049 187650377543680 281474467831387 281474467831399 281474467831399 281474467831789 0
169 (sh) Z 1 163 163 0 -1 4227084 150 13443 0 0 0 0 2339 619 20 0 1 0 80257 0 0 18446744073709551615 0 0 0 0 0 0 0 6 65536 1 0 0 17 2 0 0 0 0 0 0 0 0 0 0 0 0 0
263 (sh) Z 1 257 257 0 -1 4227084 150 15995 0 0 0 0 2251 750 20 0 1 0 105567 0 0 18446744073709551615 0 0 0 0 0 0 0 6 65536 1 0 0 17 3 0 0 0 0 0 0 0 0 0 0 0 0 0
34 (busybox) S 1 28 28 0 -1 4194560 687 0 0 0 0 3 0 0 20 0 1 0 39234 4227072 479 18446744073709551615 187650017984512 187650019069160 281474460171136 0 0 0 0 65542 1 1 0 0 17 7 0 0 0 0 0 187650019151072 187650019167881 187650969923584 281474460171842 281474460171877 281474460171877 281474460172267 0
356 (sh) Z 1 350 350 0 -1 4227084 151 24323 0 0 0 0 3127 997 20 0 1 0 165264 0 0 18446744073709551615 0 0 0 0 0 0 0 6 65536 1 0 0 17 3 0 0 0 0 0 0 0 0 0 0 0 0 0
496 (sh) Z 1 490 490 0 -1 4227084 152 9785 0 0 0 0 3233 980 20 0 1 0 194009 0 0 18446744073709551615 0 0 0 0 0 0 0 6 65536 1 0 0 17 6 0 0 0 0 0 0 0 0 0 0 0 0 0
607 (sh) Z 1 601 601 0 -1 4227084 153 20119 0 0 0 0 3126 1015 20 0 1 0 218228 0 0 18446744073709551615 0 0 0 0 0 0 0 6 65536 1 0 0 17 3 0 0 0 0 0 0 0 0 0 0 0 0 0
712 (sh) Z 1 706 706 0 -1 4227084 152 9112 0 0 0 0 3167 997 20 0 1 0 243175 0 0 18446744073709551615 0 0 0 0 0 0 0 6 65536 1 0 0 17 2 0 0 0 0 0 0 0 0 0 0 0 0 0
820 (sh) Z 1 814 814 0 -1 4227084 149 16498 0 0 0 0 3152 918 20 0 1 0 266157 0 0 18446744073709551615 0 0 0 0 0 0 0 6 65536 1 0 0 17 2 0 0 0 0 0 0 0 0 0 0 0 0 0
83 (sh) Z 1 77 77 0 -1 4227340 152 17160 0 0 0 0 1827 414 20 0 1 0 49797 0 0 18446744073709551615 0 0 0 0 0 0 0 6 65536 1 0 0 17 6 0 0 0 0 0 0 0 0 0 0 0 0 0
879 (sh) S 0 879 879 0 -1 4194560 912 931 0 0 0 0 0 0 20 0 1 0 310007 4227072 509 18446744073709551615 187650441674752 187650442759400 281473988717360 0 0 0 0 4 65538 1 0 0 17 1 0 0 0 0 0 187650442841312 187650442858121 187651378712576 281473988718091 281473988718200 281473988718200 281473988718576 0
