1 (mongod) S 0 1 1 0 -1 4194560 68768 0 0 0 18600 4482 0 0 20 0 76 0 18298 4298338304 84043 18446744073709551615 187650073771136 187650144361920 281474788836576 0 0 0 8405507 4097 3308 0 0 0 17 7 0 0 0 0 0 187650146728064 187650146943968 187650199154688 281474788838673 281474788838769 281474788838769 281474788839400 0
1398 (sampler) Z 1 1392 1392 0 -1 4228364 844 0 0 0 0 6 0 0 20 0 1 0 164258 0 0 18446744073709551615 0 0 0 0 0 16384 2147204863 2 2143403773 1 0 0 17 5 0 0 0 0 0 0 0 0 0 0 0 0 15
140 (sampler) Z 1 134 134 0 -1 4228364 1044 0 0 0 0 8 0 0 20 0 1 0 48818 0 0 18446744073709551615 0 0 0 0 0 16384 2147204863 2 2143403773 1 0 0 17 7 0 0 0 0 0 0 0 0 0 0 0 0 15
1486 (sampler) Z 1 1480 1480 0 -1 4228364 840 0 0 0 5 0 0 0 20 0 1 0 192976 0 0 18446744073709551615 0 0 0 0 0 16384 2147204863 2 2143403773 1 0 0 17 3 0 0 0 0 0 0 0 0 0 0 0 0 15
1569 (sampler) Z 1 1563 1563 0 -1 4228364 834 0 0 0 0 5 0 0 20 0 1 0 217268 0 0 18446744073709551615 0 0 0 0 0 16384 2147204863 2 2143403773 1 0 0 17 3 0 0 0 0 0 0 0 0 0 0 0 0 15
1671 (sampler) Z 1 1665 1665 0 -1 4228364 843 0 0 0 6 0 0 0 20 0 1 0 242151 0 0 18446744073709551615 0 0 0 0 0 16384 2147204863 2 2143403773 1 0 0 17 7 0 0 0 0 0 0 0 0 0 0 0 0 15
1754 (sampler) Z 1 1748 1748 0 -1 4228364 803 0 0 0 5 0 0 0 20 0 1 0 265188 0 0 18446744073709551615 0 0 0 0 0 16384 2147204863 2 2143403773 1 0 0 17 7 0 0 0 0 0 0 0 0 0 0 0 0 15
1861 (sh) S 0 1861 1861 0 -1 4194560 780 353 0 0 0 0 0 0 20 0 1 0 310815 2441216 358 18446744073709551615 187650224095232 187650224215360 281474934464544 0 0 0 0 0 65538 1 0 0 17 2 0 0 0 0 0 187650224287136 187650224292336 187650892505088 281474934467848 281474934467957 281474934467957 281474934468588 0
473 (sampler) Z 1 467 467 0 -1 4228364 728 0 0 0 4 0 0 0 20 0 1 0 79259 0 0 18446744073709551615 0 0 0 0 0 16384 2147204863 2 2143403773 1 0 0 17 2 0 0 0 0 0 0 0 0 0 0 0 0 15
907 (sampler) Z 1 901 901 0 -1 4228364 724 0 0 0 4 0 0 0 20 0 1 0 104549 0 0 18446744073709551615 0 0 0 0 0 16384 2147204863 2 2143403773 1 0 0 17 0 0 0 0 0 0 0 0 0 0 0 0 0 15
