1 (sleep) S 0 1 1 0 -1 4194560 853 0 0 0 0 1 0 0 20 0 1 0 18433 4091904 383 18446744073709551615 187650386952192 187650388036840 281474906834144 0 0 0 0 0 0 1 0 0 17 4 0 0 0 0 0 187650388118752 187650388135561 187651000078336 281474906836571 281474906836583 281474906836583 281474906836973 0
114 (baseline-weir) Z 1 108 108 0 -1 4228108 31330 0 0 0 5754 1062 0 0 20 0 1 0 103392 0 0 18446744073709551615 0 0 0 0 0 0 1002060288 2 2143420157 1 0 0 17 3 0 0 0 0 0 0 0 0 0 0 0 0 0
13 (weir-final) Z 1 7 7 0 -1 4228108 40554 0 0 0 3766 939 0 0 20 0 1 0 47672 0 0 18446744073709551615 0 0 0 0 0 0 1002060288 2 2143420157 1 0 0 17 0 0 0 0 0 0 0 0 0 0 0 0 0 0
134 (sampler-metrics) Z 1 128 128 0 -1 4228108 1806 96 0 0 12 0 0 0 20 0 1 0 104155 0 0 18446744073709551615 0 0 0 0 0 16384 2147204863 2 2143403773 1 0 0 17 2 0 0 0 0 0 0 0 0 0 0 0 0 15
159 (baseline-weir) Z 1 153 153 0 -1 4228108 115481 0 0 0 7627 1451 0 0 20 0 1 0 163049 0 0 18446744073709551615 0 0 0 0 0 0 1002060288 2 2143420157 1 0 0 17 4 0 0 0 0 0 0 0 0 0 0 0 0 0
180 (sampler-metrics) Z 1 174 174 0 -1 4228108 1894 95 0 0 13 3 0 0 20 0 1 0 163876 0 0 18446744073709551615 0 0 0 0 0 16384 2147204863 2 2143403773 1 0 0 17 3 0 0 0 0 0 0 0 0 0 0 0 0 15
206 (weir-final) Z 1 200 200 0 -1 4228108 19027 0 0 0 7211 1588 0 0 20 0 1 0 191816 0 0 18446744073709551615 0 0 0 0 0 0 1002060288 2 2143420157 1 0 0 17 6 0 0 0 0 0 0 0 0 0 0 0 0 0
226 (sampler-metrics) Z 1 220 220 0 -1 4228108 1837 95 0 0 10 6 0 0 20 0 1 0 192577 0 0 18446744073709551615 0 0 0 0 0 16384 2147204863 2 2143403773 1 0 0 17 5 0 0 0 0 0 0 0 0 0 0 0 0 15
252 (baseline-weir) Z 1 246 246 0 -1 4228108 128248 0 0 0 7655 1494 0 0 20 0 1 0 216092 0 0 18446744073709551615 0 0 0 0 0 0 1002060288 2 2143420157 1 0 0 17 4 0 0 0 0 0 0 0 0 0 0 0 0 0
272 (sampler-metrics) Z 1 266 266 0 -1 4228108 1853 94 0 0 8 8 0 0 20 0 1 0 216880 0 0 18446744073709551615 0 0 0 0 0 16384 2147204863 2 2143403773 1 0 0 17 4 0 0 0 0 0 0 0 0 0 0 0 0 15
298 (weir-final) Z 1 292 292 0 -1 4228108 23898 0 0 0 7118 1519 0 0 20 0 1 0 240933 0 0 18446744073709551615 0 0 0 0 0 0 1002060288 2 2143420157 1 0 0 17 1 0 0 0 0 0 0 0 0 0 0 0 0 0
318 (sampler-metrics) Z 1 312 312 0 -1 4228108 1918 96 0 0 7 9 0 0 20 0 1 0 241731 0 0 18446744073709551615 0 0 0 0 0 16384 2147204863 2 2143403773 1 0 0 17 0 0 0 0 0 0 0 0 0 0 0 0 0 15
33 (sampler-metrics) Z 1 27 27 0 -1 4228108 2014 96 0 0 23 0 0 0 20 0 1 0 48430 0 0 18446744073709551615 0 0 0 0 0 16384 2147204863 2 2143403773 1 0 0 17 5 0 0 0 0 0 0 0 0 0 0 0 0 15
344 (baseline-weir) Z 1 338 338 0 -1 4228108 100853 0 0 0 7712 1518 0 0 20 0 1 0 264010 0 0 18446744073709551615 0 0 0 0 0 0 1002060288 2 2143420157 1 0 0 17 2 0 0 0 0 0 0 0 0 0 0 0 0 0
365 (sampler-metrics) Z 1 359 359 0 -1 4228108 1822 96 0 0 5 10 0 0 20 0 1 0 264785 0 0 18446744073709551615 0 0 0 0 0 16384 2147204863 2 2143403773 1 0 0 17 2 0 0 0 0 0 0 0 0 0 0 0 0 15
391 (sh) S 0 391 391 0 -1 4194560 952 1438 0 0 0 0 1 0 20 0 1 0 310415 4227072 479 18446744073709551615 187650598895616 187650599980264 281474648592352 0 0 0 0 4 65538 1 0 0 17 2 0 0 0 0 0 187650600062176 187650600078985 187650750480384 281474648595979 281474648596088 281474648596088 281474648596464 0
67 (weir-final) Z 1 61 61 0 -1 4228108 21884 0 0 0 5114 968 0 0 20 0 1 0 78106 0 0 18446744073709551615 0 0 0 0 0 0 1002060288 2 2143420157 1 0 0 17 6 0 0 0 0 0 0 0 0 0 0 0 0 0
88 (sampler-metrics) Z 1 82 82 0 -1 4228108 1804 94 0 0 5 7 0 0 20 0 1 0 78880 0 0 18446744073709551615 0 0 0 0 0 16384 2147204863 2 2143403773 1 0 0 17 3 0 0 0 0 0 0 0 0 0 0 0 0 15
